$ 3 0.00078125 2.3728258192205156 6 5 50 5e-11
r 72 -504 136 -504 0 16000
r 176 -504 224 -504 0 16000
w 224 -504 280 -504 0
w 136 -504 176 -504 0
a 328 -496 456 -496 11 5 0 1000000 -0.00001446602405552877 -0.14469970657934322 100000
w 280 -504 328 -504 0
c 240 -560 344 -560 4 0.000001 -1.755487012839788 0.001 0
w 240 -560 160 -560 0
c 280 -504 280 -416 4 0.000001 -0.14469970657934322 0.001 0
w 136 -504 136 -560 0
w 136 -560 160 -560 0
w 344 -560 456 -560 0
w 456 -560 456 -496 0
w 72 -504 40 -504 0
w 456 -496 512 -496 0
w 280 -416 280 -384 0
w 328 -488 328 -432 0
w 280 -384 280 -360 0
w 280 -360 328 -360 0
g 328 -360 328 -328 0 0
w 328 -432 456 -432 0
w 456 -432 456 -496 0
w -328 -440 -328 -504 0
w -456 -440 -328 -440 0
g -456 -368 -456 -336 0 0
w -504 -368 -456 -368 0
w -504 -392 -504 -368 0
w -456 -496 -456 -440 0
w -504 -424 -504 -392 0
w -328 -504 -272 -504 0
w -328 -568 -328 -504 0
w -440 -568 -328 -568 0
w -648 -568 -624 -568 0
w -648 -512 -648 -568 0
c -504 -512 -504 -424 4 0.000001 -0.0013229525925081806 0.001 0
w -544 -568 -624 -568 0
c -544 -568 -440 -568 4 0.0000027 -1.270697468656384 0.001 0
w -504 -512 -456 -512 0
a -456 -504 -328 -504 11 5 0 1000000 -1.2978228102271579e-7 -0.0013229525925081806 100000
w -648 -512 -608 -512 0
w -560 -512 -504 -512 0
r -608 -512 -560 -512 0 12000
r -712 -512 -648 -512 0 10000
R -728 -704 -776 -704 0 1 24 5 0 0 0.5
w -712 -656 -712 -512 0
w -712 -656 40 -656 0
w 40 -656 40 -504 0
403 -696 -280 -16 -64 0 29_4_0_5120_5_0.00009765625_-1_2_29_3
403 0 -288 672 -64 0 14_4_0_5120_5_0.00009765625_-1_2_14_3
403 -704 -16 -16 432 0 29_64_0_4099_2.5_0.00009765625_-1_2_29_3
403 8 -32 664 432 0 14_64_0_4099_2.5_0.00009765625_-1_2_14_3
R -696 -760 -776 -760 0 6 40 5 0 0 0.5
S -712 -656 -712 -704 0 0 false 0 2
w -696 -760 -696 -704 0
38 43 F1 3 0 150 -1 Frequency