$ 3 0.01 382.76258214399064 99 5 50 5e-11
w 480 -248 640 -248 0
w 368 -344 328 -344 0
w 368 -168 368 -344 0
w 360 -248 312 -248 0
w 360 -160 360 -248 0
w 392 -168 368 -168 0
w 392 -160 360 -160 0
w 296 -152 392 -152 0
154 392 -160 464 -160 1 3 0 5
w 336 -112 400 -112 0
w 336 -392 336 -112 0
w 288 -392 336 -392 0
w 328 -104 400 -104 0
w 328 -344 328 -104 0
w 288 -344 328 -344 0
w 320 -96 400 -96 0
w 320 -296 320 -96 0
w 288 -296 320 -296 0
w 312 -88 400 -88 0
w 312 -248 312 -88 0
w 288 -248 312 -248 0
w 304 -80 400 -80 0
w 304 -200 304 -80 0
w 288 -200 304 -200 0
w 296 -72 400 -72 0
w 296 -152 296 -72 0
w 288 -152 296 -152 0
w 288 -64 400 -64 0
w 288 -104 288 -64 0
154 400 -88 456 -88 1 7 0 5
g 184 -64 184 -56 0 0
w 216 -384 216 -432 0
w 216 -144 216 -96 0
w 216 -192 216 -144 0
w 216 -240 216 -192 0
w 216 -288 216 -240 0
w 216 -336 216 -288 0
w 216 -384 216 -336 0
w 184 -112 216 -112 0
w 184 -160 216 -160 0
w 184 -208 216 -208 0
w 184 -256 216 -256 0
w 184 -304 216 -304 0
w 184 -352 216 -352 0
w 184 -400 216 -400 0
R 184 -448 144 -448 0 0 40 5 0 0 0.5
r 184 -112 184 -64 0 1000
r 184 -160 184 -112 0 1000
r 184 -208 184 -160 0 1000
r 184 -256 184 -208 0 1000
r 184 -304 184 -256 0 1000
r 184 -352 184 -304 0 1000
r 184 -400 184 -352 0 1000
r 184 -448 184 -400 0 1000
a 216 -104 288 -104 10 5 0 1000000 0.6249999999999997 2.6106912506974322 100000
a 216 -152 288 -152 10 5 0 1000000 1.2499999999999993 2.6106912506974322 100000
a 216 -200 288 -200 10 5 0 1000000 1.8749999999999991 2.6106912506974322 100000
a 216 -248 288 -248 10 5 0 1000000 2.499999999999999 2.6106912506974322 100000
a 216 -296 288 -296 10 5 0 1000000 3.1249999999999996 2.6106912506974322 100000
a 216 -344 288 -344 10 5 0 1000000 3.75 2.6106912506974322 100000
a 216 -392 288 -392 10 5 0 1000000 4.375 2.6106912506974322 100000
w 216 -504 216 -432 0
374 -744 -632 -744 -512 0 0.7129000000000001 Light\sBrightness
r -744 -512 -744 -376 0 31380
r -712 -184 -648 -184 0 17000
r -608 -184 -560 -184 0 17000
w -560 -184 -504 -184 0
w -648 -184 -608 -184 0
a -456 -176 -328 -176 11 5 0 1000000 0.0022549503910912535 0.0022299729405951645 100000
w -504 -184 -456 -184 0
c -544 -240 -440 -240 4 0.0000012 -0.000024977450496087295 0.001 0
w -544 -240 -624 -240 0
c -504 -184 -504 -96 4 0.000001 0.0022299729405951645 0.001 0
w -648 -184 -648 -240 0
w -648 -240 -624 -240 0
w -440 -240 -328 -240 0
w -328 -240 -328 -176 0
w -712 -184 -744 -184 0
w -712 -512 -744 -512 0
w -744 -632 -744 -656 0
R -744 -656 -744 -712 0 0 40 5 0 0 0.5
w -328 -176 -272 -176 0
g -744 -376 -744 -344 0 0
w 104 -504 144 -504 0
w -504 -96 -504 -64 0
w -456 -168 -456 -112 0
r -456 -112 -456 -40 0 16000
w -504 -64 -504 -40 0
w -504 -40 -456 -40 0
g -456 -40 -456 -8 0 0
w -456 -112 -328 -112 0
w -328 -112 -328 -176 0
w 144 -504 216 -504 0
w 640 16 640 48 0
w 464 -160 576 -160 0
w 528 -88 856 -88 0
w -272 -504 104 -504 0
w 528 -88 528 152 0
w 576 -160 576 64 0
w 640 -248 640 16 0
w 3360 176 3408 176 0
w 3360 -160 3360 176 0
w 3408 120 3408 176 0
152 3408 112 3504 112 1 2 0 5
w 2616 -48 3704 -48 0
w 1888 -728 1888 -48 0
w 3184 72 3408 72 0
w 3184 -176 3184 72 0
164 3704 -48 3840 -48 0 6 0 5 5 0 5 0 false 0
w 3056 -1120 3184 -1120 0
w 3704 -480 3704 -608 0
w 3704 -776 3704 -640 0
g 3824 -776 3824 -800 0 0
w 3824 -608 3720 -608 0
w 3824 -656 3824 -776 0
197 3824 -656 3832 -656 1
157 3936 -656 3960 -656 1 7 0 0
w 3888 -656 3936 -656 0
w 3888 -640 3936 -640 0
w 3888 -624 3936 -624 0
w 3888 -608 3936 -608 0
w 3888 -592 3968 -592 0
w 3888 -576 3984 -576 0
w 3984 -592 3984 -576 0
w 3888 -560 4000 -560 0
w 4000 -560 4000 -592 0
w 3360 -744 3360 -592 0
w 3432 -744 3360 -744 0
w 3360 -592 3360 -448 0
w 3432 -592 3360 -592 0
w 3360 -448 3360 -312 0
w 3432 -448 3360 -448 0
155 3432 -480 3552 -480 0 0
155 3432 -624 3552 -624 0 0
155 3432 -776 3552 -776 0 5
w 3360 -160 3360 -312 0
w 2848 -480 3432 -480 0
w 2840 -624 3432 -624 0
w 2848 -512 2848 -480 0
w 2840 -656 2840 -624 0
w 2848 -776 3432 -776 0
w 2848 -800 2848 -776 0
w 3184 -672 3184 -176 0
w 2928 -656 3016 -656 0
w 2928 -520 2928 -656 0
w 2992 -672 3016 -672 0
w 2992 -664 2992 -672 0
w 2920 -664 2992 -664 0
w 3016 -808 3016 -688 0
w 2928 -808 3016 -808 0
152 3016 -672 3184 -672 0 3 0 5
w 2848 -544 2848 -528 0
w 2752 -544 2848 -544 0
w 2752 -512 2752 -544 0
w 2840 -688 2840 -672 0
w 2744 -688 2840 -688 0
w 2744 -656 2744 -688 0
w 2848 -832 2848 -816 0
w 2752 -832 2848 -832 0
w 2752 -800 2752 -832 0
154 2848 -520 2928 -520 1 2 0 5
154 2840 -664 2920 -664 1 2 0 5
154 2848 -808 2928 -808 1 2 0 5
w 2736 -1120 3056 -1120 0
w 2600 -656 2680 -656 0
w 2600 -872 2600 -656 0
w 2560 -1032 2600 -1032 0
w 2520 -480 2752 -480 0
w 2520 -728 2520 -480 0
w 2552 -512 2752 -512 0
w 2552 -960 2552 -512 0
w 2680 -656 2744 -656 0
w 2736 -800 2752 -800 0
w 2736 -880 2736 -800 0
w 2520 -768 2752 -768 0
w 2520 -728 2520 -768 0
w 2520 -624 2744 -624 0
w 2520 -728 2520 -624 0
w 2296 -728 2520 -728 0
155 2752 -512 2872 -512 0 0
155 2744 -656 2864 -656 0 0
155 2752 -800 2872 -800 0 5
w 1888 -728 2296 -728 0
w 2552 -960 2624 -960 0
w 2560 -1088 2672 -1088 0
w 2560 -1120 2736 -1120 0
w 2560 -1088 2560 -1032 0
w 2672 -1088 3008 -1088 0
w 2624 -960 3720 -960 0
w -328 -440 -328 -504 0
w -456 -440 -328 -440 0
g -456 -368 -456 -336 0 0
w -504 -368 -456 -368 0
w -504 -392 -504 -368 0
w -456 -496 -456 -440 0
w -504 -424 -504 -392 0
w -328 -504 -272 -504 0
w -328 -568 -328 -504 0
w -440 -568 -328 -568 0
w -648 -568 -624 -568 0
w -648 -512 -648 -568 0
c -504 -512 -504 -424 4 0.000001 2.6106923576099392 0.001 0
w -544 -568 -624 -568 0
c -544 -568 -440 -568 4 0.000002 0.0000011069125092078025 0.001 0
w -504 -512 -456 -512 0
a -456 -504 -328 -504 11 5 0 1000000 2.6106912506974322 2.6106923576099392 100000
w -648 -512 -608 -512 0
w -560 -512 -504 -512 0
r -608 -512 -560 -512 0 12000
r -712 -512 -648 -512 0 10000
w 2552 -960 864 -960 0
w 864 -960 856 -88 0
w 2560 -1032 584 -1032 0
w 584 -1032 576 -160 0
w 528 -88 456 -88 0
w 2560 -1120 488 -1120 0
w 488 -1120 480 -248 0
w 480 -248 360 -248 0
w 3784 -640 3824 -640 0
w 2616 -48 1888 -48 0
w 3744 -624 3824 -624 0
w 3672 -776 3704 -776 0
w 3616 -624 3704 -624 0
w 3616 -480 3704 -480 0
w 1752 -824 1752 -760 0
w 1664 -760 1752 -760 0
w 1600 -872 1600 -824 0
w 1688 -728 1664 -728 0
w 1432 -696 1488 -696 0
w 1432 -760 1488 -760 0
w 1432 -704 1432 -696 0
r 1488 -760 1488 -696 0 1500
d 1432 -760 1432 -704 2 default
w 1536 -760 1488 -760 0
r 1488 -824 1488 -760 0 100
w 1600 -824 1488 -824 0
165 1536 -792 1704 -792 6 0
g 1632 -536 1632 -504 0 0
c 1488 -696 1488 -600 4 0.001 2.349490175016994 0.001 0
w 1632 -632 1632 -600 0
R 1600 -872 1600 -920 0 0 40 5 0 0 0.5
w 1688 -728 1888 -728 0
w 1632 -600 1632 -536 0
w 1600 -536 1632 -536 0
w 1600 -536 1488 -536 0
w 1488 -536 1488 -600 0
w 1536 -696 1520 -696 0
w 1536 -664 1520 -664 0
w 1520 -664 1520 -696 0
w 1520 -696 1496 -696 0
w 1496 -696 1488 -696 0
403 1280 -480 1520 -408 0 241_1_0_12291_4.999999950000001_0.0001_-1_2_241_3
w 3008 -1088 3744 -1088 0
w 3184 -1120 3784 -1120 0
w 3552 -480 3528 -480 0
w 3672 -776 3624 -776 0
w 2600 -872 2600 -1032 0
w 2736 -880 2736 -1120 0
w 3720 -960 3720 -664 0
w 3744 -1088 3744 -664 0
w 3784 -1120 3784 -664 0
s 3720 -664 3720 -608 0 1 false
s 3744 -664 3744 -624 0 1 false
s 3784 -664 3784 -640 0 1 false
s 3528 -776 3624 -776 0 0 false
s 3528 -624 3616 -624 0 0 false
s 3552 -480 3616 -480 0 0 false
w 3784 -640 3704 -640 0
w 3744 -624 3704 -624 0
w 3720 -608 3704 -608 0
w 1600 -824 1752 -824 0
w 3408 72 3408 104 0
w 3800 -48 3888 -48 0
w 3888 -48 3888 176 0
w 3888 176 3408 176 0
w 3024 1200 2976 1200 0
w 3096 784 3096 1200 0
w 3080 784 3096 784 0
w 2872 2104 3176 2104 0
w 2864 1104 2872 2104 0
w 2976 1560 2976 1200 0
w 2568 1560 2976 1560 0
w 1808 2264 1808 2088 0
w 3416 2264 1808 2264 0
w 3416 1944 3416 2264 0
w 3272 1944 3416 1944 0
w 3176 1688 3176 1512 0
w 3176 1512 2808 1512 0
164 3176 1688 3336 1688 0 14 0 0 0 0 0 0 0 0 5 0 0 0 0 0 false 0
w 1328 1560 1328 1736 0
w 1536 1560 1328 1560 0
w 1616 1736 1536 1736 0
w 1704 1560 1536 1560 0
w 1864 1560 1704 1560 0
w 2032 1560 1864 1560 0
w 2208 1560 2032 1560 0
w 2384 1560 2208 1560 0
w 1704 1304 1728 1304 0
w 1704 1560 1704 1304 0
w 1864 1304 1888 1304 0
w 1864 1560 1864 1304 0
w 2032 1304 2064 1304 0
w 2032 1560 2032 1304 0
w 2208 1304 2232 1304 0
w 2208 1560 2208 1304 0
w 2384 1304 2408 1304 0
w 2384 1560 2384 1304 0
w 2568 1304 2584 1304 0
w 2568 1560 2568 1304 0
w 2384 1560 2568 1560 0
w 1536 1304 1552 1304 0
w 1536 1560 1536 1304 0
w 1328 1304 1384 1304 0
w 1328 1560 1328 1304 0
w 1536 1736 1328 1736 0
w 1616 2120 1848 2120 0
w 1616 1936 1616 2120 0
w 1616 1936 1848 1936 0
w 1616 1736 1616 1936 0
w 1616 1736 1848 1736 0
s 3080 816 3176 816 0 0 false
155 1384 1240 1504 1240 10 5
w 2912 848 2904 848 0
w 2936 848 2912 848 0
w 2936 880 2936 848 0
w 2952 880 2936 880 0
w 2952 848 2936 848 0
w 2904 1008 2904 944 0
w 3016 1008 2904 1008 0
w 3016 1008 3048 1008 0
w 3048 944 3048 1008 0
R 3016 720 3016 672 0 0 40 5 0 0 0.5
w 3048 912 3048 944 0
c 2904 848 2904 944 4 0.001 3.082641082268892 0.001 0
g 3048 1008 3048 1040 0 0
165 2952 752 3120 752 6 4.999999950000001
w 3016 720 2904 720 0
r 2904 720 2904 784 0 100
w 2952 784 2904 784 0
w 2904 784 2840 784 0
d 2840 784 2840 840 2 default
w 2904 848 2840 848 0
w 2840 848 2840 840 0
r 2904 784 2904 848 0 4700
w 840 872 528 872 0
w 840 728 576 728 0
w 840 584 640 584 0
w 1080 744 1080 872 0
w 840 872 1080 872 0
w 992 712 1056 712 0
w 992 712 992 728 0
w 840 728 992 728 0
w 920 584 920 680 0
w 840 584 920 584 0
g 1560 960 1560 968 0 0
w 1560 904 1560 960 0
w 1616 904 1560 904 0
w 1432 424 1536 424 0
w 1432 456 1536 456 0
w 1432 488 1536 488 0
w 1432 648 1536 648 0
w 1432 488 1432 648 0
w 1432 456 1432 488 0
w 1432 424 1432 456 0
w 1432 392 1432 424 0
w 1432 392 1536 392 0
w 1432 304 1432 392 0
g 1432 304 1432 280 0 0
w 1136 1456 1152 552 0
w 1120 1480 1136 520 0
w 1280 872 1272 1360 0
w 1256 840 1248 1376 0
w 1232 808 1224 1392 0
w 2584 1512 2808 1512 0
w 2408 1512 2584 1512 0
w 2584 1272 2584 1512 0
w 2408 1272 2408 1512 0
w 2352 1240 2352 1400 0
w 2328 1240 2352 1240 0
w 2520 1240 2520 1384 0
w 2504 1240 2520 1240 0
w 2680 1240 2712 1240 0
w 1848 1448 1152 1440 0
w 2520 1384 1248 1376 0
w 2712 1368 1272 1360 0
w 1968 712 2208 712 0
w 1968 552 2192 552 0
w 1968 520 2176 520 0
w 1968 488 2152 488 0
w 1968 456 2128 456 0
w 2192 1120 2192 552 0
w 2128 1072 2128 456 0
w 2152 1088 2152 488 0
w 2176 1104 2176 520 0
w 2208 1136 2208 712 0
w 1384 1072 1488 1072 0
w 1384 1240 1384 1072 0
w 2576 816 2584 1240 0
w 2400 776 2408 1240 0
w 2232 744 2232 1240 0
w 2064 1136 2064 1240 0
w 1888 1160 1888 1240 0
w 1728 1104 1728 1240 0
w 1536 872 1280 872 0
w 1536 840 1256 840 0
w 1536 808 1232 808 0
w 1536 776 1208 776 0
w 1536 616 1184 616 0
w 1536 584 1168 584 0
w 1208 776 1200 1408 0
w 1888 1120 1888 1160 0
w 1968 808 2576 816 0
w 1968 776 2400 776 0
w 1968 744 2232 744 0
w 2208 1136 2064 1136 0
w 1888 1120 2192 1120 0
w 1728 1104 2176 1104 0
w 1552 1088 1552 1240 0
w 1552 1088 2152 1088 0
w 1184 616 1176 1424 0
w 1536 552 1152 552 0
w 1136 520 1536 520 0
w 1152 1440 1168 584 0
w 2128 1072 1488 1072 0
w 1056 712 1536 712 0
155 2584 1240 2704 1240 10 0
155 2408 1240 2528 1240 10 0
196 1616 648 1664 648 2 4
196 1792 392 1840 392 2 4
w 1712 648 1792 648 0
w 1712 712 1968 712 0
w 1712 744 1968 744 0
w 1712 776 1968 776 0
w 1712 808 1968 808 0
w 1888 552 1968 552 0
w 1888 520 1968 520 0
w 1888 488 1968 488 0
w 1888 456 1968 456 0
w 1888 392 1968 392 0
w 1792 616 1536 616 0
w 1792 584 1536 584 0
w 1792 552 1536 552 0
w 1792 520 1536 520 0
w 1792 488 1536 488 0
w 1792 456 1536 456 0
w 1792 424 1536 424 0
w 1792 392 1536 392 0
w 1616 648 1584 648 0
w 1616 680 1536 680 0
w 1584 648 1536 648 0
w 1616 712 1536 712 0
w 1616 744 1536 744 0
w 1616 776 1536 776 0
w 1616 808 1536 808 0
w 1616 840 1536 840 0
w 1616 872 1536 872 0
x 1502 389 1531 392 4 24 A7
x 1501 421 1530 424 4 24 A6
x 1504 454 1533 457 4 24 A5
x 1505 486 1534 489 4 24 A4
x 1506 517 1535 520 4 24 B7
x 1506 548 1535 551 4 24 B6
x 1506 581 1535 584 4 24 B5
x 1506 614 1535 617 4 24 B4
x 1505 645 1534 648 4 24 A3
x 1503 677 1532 680 4 24 A2
x 1502 710 1531 713 4 24 A1
x 1500 741 1529 744 4 24 A0
x 1500 772 1529 775 4 24 B3
x 1499 804 1528 807 4 24 B2
x 1499 838 1528 841 4 24 B1
x 1496 869 1525 872 4 24 B0
x 1981 709 2011 712 4 24 C3
x 1986 742 2016 745 4 24 C2
x 1988 773 2018 776 4 24 C1
x 1990 806 2020 809 4 24 C0
x 1982 392 2080 395 4 24 Carry\sout
x 1982 453 2012 456 4 24 C7
x 1980 486 2010 489 4 24 C6
x 1982 517 2012 520 4 24 C5
x 1985 551 2015 554 4 24 C4
w 2232 1512 2408 1512 0
w 3176 816 3176 1512 0
w 1080 744 1536 744 0
w 528 152 528 872 0
w 576 64 576 728 0
w 640 48 640 584 0
w 1752 1592 1752 2056 0
w 1848 1592 1752 1592 0
w 1848 1448 1848 1592 0
w 1512 1672 1512 1480 0
w 1848 1672 1512 1672 0
w 1848 2056 1752 2056 0
w 1688 1872 1848 1872 0
w 1688 1464 1688 1872 0
w 1552 1512 1384 1512 0
w 1728 1512 1552 1512 0
w 1888 1512 1728 1512 0
w 2064 1512 1888 1512 0
w 2232 1512 2064 1512 0
w 2232 1272 2232 1512 0
w 2064 1272 2064 1512 0
w 1888 1272 1888 1512 0
w 1728 1272 1728 1512 0
w 1552 1272 1552 1512 0
w 1384 1272 1384 1512 0
w 920 680 1536 680 0
w 1512 1480 1120 1480 0
w 1512 1240 1512 1480 0
w 1480 1240 1512 1240 0
w 1688 1464 1136 1456 0
w 1688 1240 1688 1464 0
w 1648 1240 1688 1240 0
w 1848 1240 1848 1448 0
w 1824 1240 1848 1240 0
w 2008 1432 1176 1424 0
w 2008 1240 2008 1432 0
w 1984 1240 2008 1240 0
w 2184 1416 1200 1408 0
w 2184 1240 2184 1416 0
w 2160 1240 2184 1240 0
w 2352 1400 1224 1392 0
w 2712 1240 2712 1368 0
155 2232 1240 2352 1240 10 0
155 2064 1240 2184 1240 10 0
155 1888 1240 2008 1240 10 0
155 1728 1240 1848 1240 10 0
155 1552 1240 1672 1240 10 0
w 2240 1720 2320 1720 0
g 2320 1720 2320 1760 0 0
w 2416 1936 2416 1904 0
w 2304 1936 2416 1936 0
w 2400 1904 2400 1920 0
w 2304 1920 2400 1920 0
w 2304 1904 2384 1904 0
w 2304 1888 2352 1888 0
w 2304 1872 2352 1872 0
w 2304 1856 2352 1856 0
w 2304 1840 2352 1840 0
157 2352 1840 2376 1840 1 7 0 0
197 2240 1840 2248 1840 1
w 2240 1840 2240 1720 0
155 1848 2056 1968 2056 10 0
155 1848 1872 1968 1872 10 0
155 1848 1672 1968 1672 10 5
w 1944 1872 2240 1872 0
w 1944 1672 2120 1672 0
w 2240 1856 2120 1856 0
w 2120 1672 2120 1856 0
w 2240 1888 2120 1888 0
w 2120 1888 2120 2048 0
w 1944 2056 2120 2056 0
w 2120 2048 2120 2056 0
w 1848 1704 1808 1704 0
w 1848 1904 1808 1904 0
w 1808 1904 1808 1704 0
w 1848 2088 1808 2088 0
w 1808 2088 1808 1904 0
R 2816 1104 2792 1104 0 0 40 5 0 0 0.5
I 2976 1144 2976 1176 0 0.5 5
w 2976 1176 2976 1200 0
r 2896 1104 2896 1144 0 15000
g 2896 1144 2896 1160 0 0
w 2816 1104 2824 1104 0
w 2976 1104 2976 1144 0
s 2824 1104 2848 1104 0 1 true
w 2848 1104 2864 1104 0
w 2896 1104 2976 1104 0
w 2864 1104 2896 1104 0
w 3024 1200 3096 1200 0
w 3024 1072 2840 1072 0
w 2840 848 2840 872 0
d 2840 872 2840 928 2 default
x 2441 1218 2470 1221 4 24 S1
x 2615 1217 2644 1220 4 24 S0
x 2266 1217 2295 1220 4 24 S2
x 2096 1217 2125 1220 4 24 S3
x 1920 1216 1949 1219 4 24 S4
x 1760 1216 1789 1219 4 24 S5
x 1587 1216 1616 1219 4 24 S6
x 1418 1219 1447 1222 4 24 S7
w 2720 976 2760 976 0
w 2736 1128 2824 1128 0
w 2824 1128 2864 1104 0
w 2704 1128 2704 1200 0
w 2704 1200 2800 1200 0
w 2800 1200 2800 1288 0
w 2800 1288 3368 1288 0
w 3368 1288 3432 1288 0
w 3432 1288 3416 1944 0
153 2720 1128 2720 984 0 2 0 5
w 2720 984 2720 976 0
w 2840 1072 2840 976 0
r 3024 1200 3024 1224 0 1000
g 3024 1224 3024 1248 0 0
r 2760 976 2792 976 0 0.001
w 3024 1072 3024 1104 0
w 3024 1152 3024 1200 0
w 2840 976 2840 928 0
w 2840 976 2792 976 0
r 3024 1104 3024 1152 0 0.001
a 3504 128 3624 128 9 15 -15 1000000 2.5 0 100000
R 3392 264 3264 264 0 0 40 5 0 0 0.5
w 3624 112 3704 112 0
w 3624 112 3624 128 0
w 3504 264 3504 144 0
r 3392 264 3472 264 0 1000
w 3472 264 3504 264 0
r 3504 264 3592 264 0 1000
g 3592 264 3592 328 0 0
o 571 64 0 4099 10 0.05 0 2 571 3
o 482 64 0 4099 5 0.00009765625 1 2 482 3